Please enter Filename
Please value for Insert(I) and Delete(D)
Please value for Insert(C)
input/rand-DNA-600.txt
String edit distance for Insert & Delete = 1and Change = 2
[ [ 0,
    1,
    2,
    3,
    4,
    5,
    6,
    7,
    8,
    9,
    10,
    11,
    12,
    13,
    14,
    15,
    16,
    17,
    18,
    19,
    20,
    21,
    22,
    23,
    24,
    25,
    26,
    27,
    28,
    29,
    30,
    31,
    32,
    33,
    34,
    35,
    36,
    37,
    38,
    39,
    40,
    41,
    42,
    43,
    44,
    45,
    46,
    47,
    48,
    49,
    50,
    51,
    52,
    53,
    54,
    55,
    56,
    57,
    58,
    59,
    60,
    61,
    62,
    63,
    64,
    65,
    66,
    67,
    68,
    69,
    70,
    71,
    72,
    73,
    74,
    75,
    76,
    77,
    78,
    79,
    80,
    81,
    82,
    83,
    84,
    85,
    86,
    87,
    88,
    89,
    90,
    91,
    92,
    93,
    94,
    95,
    96,
    97,
    98,
    99,
    ... 501 more items ],
  [ 1,
    2,
    1,
    2,
    3,
    4,
    5,
    6,
    7,
    8,
    9,
    10,
    11,
    12,
    13,
    14,
    15,
    16,
    17,
    18,
    19,
    20,
    21,
    22,
    23,
    24,
    25,
    26,
    27,
    28,
    29,
    30,
    31,
    32,
    33,
    34,
    35,
    36,
    37,
    38,
    39,
    40,
    41,
    42,
    43,
    44,
    45,
    46,
    47,
    48,
    49,
    50,
    51,
    52,
    53,
    54,
    55,
    56,
    57,
    58,
    59,
    60,
    61,
    62,
    63,
    64,
    65,
    66,
    67,
    68,
    69,
    70,
    71,
    72,
    73,
    74,
    75,
    76,
    77,
    78,
    79,
    80,
    81,
    82,
    83,
    84,
    85,
    86,
    87,
    88,
    89,
    90,
    91,
    92,
    93,
    94,
    95,
    96,
    97,
    98,
    ... 501 more items ],
  [ 2,
    1,
    2,
    3,
    4,
    5,
    6,
    5,
    6,
    7,
    8,
    9,
    10,
    11,
    12,
    13,
    14,
    15,
    16,
    17,
    18,
    19,
    20,
    21,
    22,
    23,
    24,
    25,
    26,
    27,
    28,
    29,
    30,
    31,
    32,
    33,
    34,
    35,
    36,
    37,
    38,
    39,
    40,
    41,
    42,
    43,
    44,
    45,
    46,
    47,
    48,
    49,
    50,
    51,
    52,
    53,
    54,
    55,
    56,
    57,
    58,
    59,
    60,
    61,
    62,
    63,
    64,
    65,
    66,
    67,
    68,
    69,
    70,
    71,
    72,
    73,
    74,
    75,
    76,
    77,
    78,
    79,
    80,
    81,
    82,
    83,
    84,
    85,
    86,
    87,
    88,
    89,
    90,
    91,
    92,
    93,
    94,
    95,
    96,
    97,
    ... 501 more items ],
  [ 3,
    2,
    3,
    2,
    3,
    4,
    5,
    6,
    7,
    6,
    7,
    8,
    9,
    10,
    11,
    12,
    13,
    14,
    15,
    16,
    17,
    18,
    19,
    20,
    21,
    22,
    23,
    24,
    25,
    26,
    27,
    28,
    29,
    30,
    31,
    32,
    33,
    34,
    35,
    36,
    37,
    38,
    39,
    40,
    41,
    42,
    43,
    44,
    45,
    46,
    47,
    48,
    49,
    50,
    51,
    52,
    53,
    54,
    55,
    56,
    57,
    58,
    59,
    60,
    61,
    62,
    63,
    64,
    65,
    66,
    67,
    68,
    69,
    70,
    71,
    72,
    73,
    74,
    75,
    76,
    77,
    78,
    79,
    80,
    81,
    82,
    83,
    84,
    85,
    86,
    87,
    88,
    89,
    90,
    91,
    92,
    93,
    94,
    95,
    96,
    ... 501 more items ],
  [ 4,
    3,
    2,
    3,
    2,
    3,
    4,
    5,
    6,
    7,
    6,
    7,
    8,
    9,
    10,
    11,
    12,
    13,
    14,
    15,
    16,
    17,
    18,
    19,
    20,
    21,
    22,
    23,
    24,
    25,
    26,
    27,
    28,
    29,
    30,
    31,
    32,
    33,
    34,
    35,
    36,
    37,
    38,
    39,
    40,
    41,
    42,
    43,
    44,
    45,
    46,
    47,
    48,
    49,
    50,
    51,
    52,
    53,
    54,
    55,
    56,
    57,
    58,
    59,
    60,
    61,
    62,
    63,
    64,
    65,
    66,
    67,
    68,
    69,
    70,
    71,
    72,
    73,
    74,
    75,
    76,
    77,
    78,
    79,
    80,
    81,
    82,
    83,
    84,
    85,
    86,
    87,
    88,
    89,
    90,
    91,
    92,
    93,
    94,
    95,
    ... 501 more items ],
  [ 5,
    4,
    3,
    2,
    3,
    2,
    3,
    4,
    5,
    6,
    7,
    8,
    9,
    10,
    11,
    12,
    13,
    12,
    13,
    14,
    15,
    16,
    17,
    18,
    19,
    20,
    21,
    22,
    23,
    24,
    25,
    26,
    27,
    28,
    29,
    30,
    31,
    32,
    33,
    34,
    35,
    36,
    37,
    38,
    39,
    40,
    41,
    42,
    43,
    44,
    45,
    46,
    47,
    48,
    49,
    50,
    51,
    52,
    53,
    54,
    55,
    56,
    57,
    58,
    59,
    60,
    61,
    62,
    63,
    64,
    65,
    66,
    67,
    68,
    69,
    70,
    71,
    72,
    73,
    74,
    75,
    76,
    77,
    78,
    79,
    80,
    81,
    82,
    83,
    84,
    85,
    86,
    87,
    88,
    89,
    90,
    91,
    92,
    93,
    94,
    ... 501 more items ],
  [ 6,
    5,
    4,
    3,
    2,
    3,
    2,
    3,
    4,
    5,
    6,
    7,
    8,
    9,
    10,
    11,
    12,
    13,
    12,
    13,
    14,
    15,
    16,
    17,
    18,
    19,
    20,
    21,
    22,
    23,
    24,
    25,
    26,
    27,
    28,
    29,
    30,
    31,
    32,
    33,
    34,
    35,
    36,
    37,
    38,
    39,
    40,
    41,
    42,
    43,
    44,
    45,
    46,
    47,
    48,
    49,
    50,
    51,
    52,
    53,
    54,
    55,
    56,
    57,
    58,
    59,
    60,
    61,
    62,
    63,
    64,
    65,
    66,
    67,
    68,
    69,
    70,
    71,
    72,
    73,
    74,
    75,
    76,
    77,
    78,
    79,
    80,
    81,
    82,
    83,
    84,
    85,
    86,
    87,
    88,
    89,
    90,
    91,
    92,
    93,
    ... 501 more items ],
  [ 7,
    6,
    5,
    4,
    3,
    4,
    3,
    2,
    3,
    4,
    5,
    6,
    7,
    8,
    9,
    10,
    11,
    12,
    13,
    14,
    15,
    14,
    15,
    16,
    17,
    18,
    19,
    20,
    21,
    22,
    23,
    24,
    25,
    26,
    27,
    28,
    29,
    30,
    31,
    32,
    33,
    34,
    35,
    36,
    37,
    38,
    39,
    40,
    41,
    42,
    43,
    44,
    45,
    46,
    47,
    48,
    49,
    50,
    51,
    52,
    53,
    54,
    55,
    56,
    57,
    58,
    59,
    60,
    61,
    62,
    63,
    64,
    65,
    66,
    67,
    68,
    69,
    70,
    71,
    72,
    73,
    74,
    75,
    76,
    77,
    78,
    79,
    80,
    81,
    82,
    83,
    84,
    85,
    86,
    87,
    88,
    89,
    90,
    91,
    92,
    ... 501 more items ],
  [ 8,
    7,
    6,
    5,
    4,
    5,
    4,
    3,
    4,
    5,
    6,
    7,
    8,
    9,
    10,
    9,
    10,
    11,
    12,
    13,
    14,
    15,
    16,
    17,
    18,
    19,
    20,
    21,
    20,
    21,
    22,
    23,
    24,
    25,
    26,
    27,
    28,
    29,
    30,
    31,
    32,
    33,
    34,
    35,
    36,
    37,
    38,
    39,
    40,
    41,
    42,
    43,
    44,
    45,
    46,
    47,
    48,
    49,
    50,
    51,
    52,
    53,
    54,
    55,
    56,
    57,
    58,
    59,
    60,
    61,
    62,
    63,
    64,
    65,
    66,
    67,
    68,
    69,
    70,
    71,
    72,
    73,
    74,
    75,
    76,
    77,
    78,
    79,
    80,
    81,
    82,
    83,
    84,
    85,
    86,
    87,
    88,
    89,
    90,
    91,
    ... 501 more items ],
  [ 9,
    8,
    7,
    6,
    5,
    4,
    5,
    4,
    5,
    4,
    5,
    6,
    7,
    8,
    9,
    10,
    11,
    10,
    11,
    12,
    13,
    14,
    15,
    16,
    17,
    18,
    19,
    20,
    21,
    22,
    23,
    24,
    23,
    24,
    25,
    26,
    27,
    28,
    29,
    30,
    31,
    32,
    33,
    34,
    35,
    36,
    37,
    38,
    39,
    40,
    41,
    42,
    43,
    44,
    45,
    46,
    47,
    48,
    49,
    50,
    51,
    52,
    53,
    54,
    55,
    56,
    57,
    58,
    59,
    60,
    61,
    62,
    63,
    64,
    65,
    66,
    67,
    68,
    69,
    70,
    71,
    72,
    73,
    74,
    75,
    76,
    77,
    78,
    79,
    80,
    81,
    82,
    83,
    84,
    85,
    86,
    87,
    88,
    89,
    90,
    ... 501 more items ],
  [ 10,
    9,
    8,
    7,
    6,
    5,
    6,
    5,
    6,
    5,
    6,
    7,
    8,
    9,
    10,
    11,
    12,
    11,
    12,
    11,
    12,
    13,
    14,
    15,
    16,
    17,
    18,
    19,
    20,
    21,
    22,
    23,
    24,
    23,
    24,
    25,
    26,
    27,
    28,
    29,
    30,
    31,
    32,
    33,
    34,
    35,
    36,
    37,
    38,
    39,
    40,
    41,
    42,
    43,
    44,
    45,
    46,
    47,
    48,
    49,
    50,
    51,
    52,
    53,
    54,
    55,
    56,
    57,
    58,
    59,
    60,
    61,
    62,
    63,
    64,
    65,
    66,
    67,
    68,
    69,
    70,
    71,
    72,
    73,
    74,
    75,
    76,
    77,
    78,
    79,
    80,
    81,
    82,
    83,
    84,
    85,
    86,
    87,
    88,
    89,
    ... 501 more items ],
  [ 11,
    10,
    9,
    8,
    7,
    6,
    7,
    6,
    5,
    6,
    7,
    8,
    7,
    8,
    9,
    10,
    11,
    12,
    13,
    12,
    13,
    12,
    13,
    14,
    15,
    16,
    17,
    18,
    19,
    20,
    21,
    22,
    23,
    24,
    25,
    26,
    25,
    26,
    27,
    28,
    29,
    30,
    31,
    32,
    33,
    34,
    35,
    36,
    37,
    38,
    39,
    40,
    41,
    42,
    43,
    44,
    45,
    46,
    47,
    48,
    49,
    50,
    51,
    52,
    53,
    54,
    55,
    56,
    57,
    58,
    59,
    60,
    61,
    62,
    63,
    64,
    65,
    66,
    67,
    68,
    69,
    70,
    71,
    72,
    73,
    74,
    75,
    76,
    77,
    78,
    79,
    80,
    81,
    82,
    83,
    84,
    85,
    86,
    87,
    88,
    ... 501 more items ],
  [ 12,
    11,
    10,
    9,
    8,
    7,
    6,
    7,
    6,
    7,
    6,
    7,
    8,
    9,
    10,
    11,
    10,
    11,
    12,
    13,
    14,
    13,
    12,
    13,
    14,
    15,
    16,
    17,
    18,
    19,
    20,
    21,
    22,
    23,
    24,
    25,
    26,
    25,
    26,
    27,
    28,
    29,
    30,
    31,
    32,
    33,
    34,
    35,
    36,
    37,
    38,
    39,
    40,
    41,
    42,
    43,
    44,
    45,
    46,
    47,
    48,
    49,
    50,
    51,
    52,
    53,
    54,
    55,
    56,
    57,
    58,
    59,
    60,
    61,
    62,
    63,
    64,
    65,
    66,
    67,
    68,
    69,
    70,
    71,
    72,
    73,
    74,
    75,
    76,
    77,
    78,
    79,
    80,
    81,
    82,
    83,
    84,
    85,
    86,
    87,
    ... 501 more items ],
  [ 13,
    12,
    11,
    10,
    9,
    8,
    7,
    6,
    7,
    8,
    7,
    8,
    7,
    8,
    9,
    10,
    11,
    12,
    13,
    14,
    15,
    14,
    13,
    14,
    15,
    16,
    17,
    18,
    19,
    18,
    19,
    20,
    21,
    22,
    23,
    24,
    25,
    26,
    27,
    28,
    29,
    28,
    29,
    30,
    31,
    32,
    33,
    34,
    35,
    36,
    37,
    38,
    39,
    40,
    41,
    42,
    43,
    44,
    45,
    46,
    47,
    48,
    49,
    50,
    51,
    52,
    53,
    54,
    55,
    56,
    57,
    58,
    59,
    60,
    61,
    62,
    63,
    64,
    65,
    66,
    67,
    68,
    69,
    70,
    71,
    72,
    73,
    74,
    75,
    76,
    77,
    78,
    79,
    80,
    81,
    82,
    83,
    84,
    85,
    86,
    ... 501 more items ],
  [ 14,
    13,
    12,
    11,
    10,
    9,
    8,
    7,
    8,
    9,
    8,
    7,
    8,
    9,
    10,
    11,
    10,
    11,
    12,
    13,
    14,
    15,
    14,
    13,
    14,
    15,
    16,
    17,
    18,
    19,
    20,
    21,
    22,
    23,
    24,
    25,
    26,
    25,
    26,
    27,
    28,
    29,
    30,
    31,
    32,
    33,
    34,
    35,
    34,
    35,
    36,
    37,
    38,
    39,
    40,
    41,
    42,
    43,
    44,
    45,
    46,
    47,
    48,
    49,
    50,
    51,
    52,
    53,
    54,
    55,
    56,
    57,
    58,
    59,
    60,
    61,
    62,
    63,
    64,
    65,
    66,
    67,
    68,
    69,
    70,
    71,
    72,
    73,
    74,
    75,
    76,
    77,
    78,
    79,
    80,
    81,
    82,
    83,
    84,
    85,
    ... 501 more items ],
  [ 15,
    14,
    13,
    12,
    11,
    10,
    9,
    8,
    9,
    10,
    9,
    8,
    9,
    10,
    11,
    12,
    11,
    12,
    11,
    12,
    13,
    14,
    15,
    14,
    13,
    14,
    15,
    16,
    17,
    18,
    19,
    20,
    21,
    22,
    23,
    24,
    25,
    26,
    25,
    26,
    27,
    28,
    29,
    30,
    31,
    32,
    33,
    34,
    35,
    36,
    37,
    38,
    39,
    40,
    39,
    40,
    41,
    42,
    43,
    44,
    45,
    46,
    47,
    48,
    49,
    50,
    51,
    52,
    53,
    54,
    55,
    56,
    57,
    58,
    59,
    60,
    61,
    62,
    63,
    64,
    65,
    66,
    67,
    68,
    69,
    70,
    71,
    72,
    73,
    74,
    75,
    76,
    77,
    78,
    79,
    80,
    81,
    82,
    83,
    84,
    ... 501 more items ],
  [ 16,
    15,
    14,
    13,
    12,
    11,
    10,
    9,
    8,
    9,
    10,
    9,
    8,
    9,
    10,
    11,
    12,
    13,
    12,
    13,
    14,
    13,
    14,
    15,
    14,
    15,
    16,
    17,
    18,
    17,
    18,
    19,
    20,
    21,
    22,
    23,
    24,
    25,
    26,
    27,
    28,
    27,
    28,
    29,
    30,
    31,
    32,
    33,
    34,
    35,
    36,
    37,
    38,
    39,
    40,
    41,
    42,
    43,
    44,
    45,
    46,
    47,
    46,
    47,
    48,
    49,
    50,
    51,
    52,
    53,
    54,
    55,
    56,
    57,
    58,
    59,
    60,
    61,
    62,
    63,
    64,
    65,
    66,
    67,
    68,
    69,
    70,
    71,
    72,
    73,
    74,
    75,
    76,
    77,
    78,
    79,
    80,
    81,
    82,
    83,
    ... 501 more items ],
  [ 17,
    16,
    15,
    14,
    13,
    12,
    11,
    10,
    9,
    10,
    11,
    10,
    9,
    10,
    11,
    10,
    11,
    12,
    13,
    14,
    15,
    14,
    15,
    16,
    15,
    16,
    17,
    18,
    17,
    18,
    19,
    20,
    21,
    22,
    21,
    22,
    23,
    24,
    25,
    26,
    27,
    28,
    27,
    28,
    29,
    30,
    31,
    32,
    33,
    34,
    35,
    36,
    37,
    38,
    39,
    40,
    41,
    42,
    43,
    44,
    45,
    46,
    47,
    46,
    47,
    48,
    49,
    50,
    51,
    52,
    53,
    54,
    55,
    56,
    57,
    58,
    59,
    60,
    61,
    62,
    63,
    64,
    65,
    66,
    67,
    68,
    69,
    70,
    71,
    72,
    73,
    74,
    75,
    76,
    77,
    78,
    79,
    80,
    81,
    82,
    ... 501 more items ],
  [ 18,
    17,
    16,
    15,
    14,
    13,
    12,
    11,
    10,
    11,
    12,
    11,
    10,
    9,
    10,
    11,
    12,
    13,
    14,
    15,
    16,
    15,
    16,
    17,
    16,
    17,
    18,
    19,
    18,
    17,
    18,
    19,
    20,
    21,
    22,
    23,
    22,
    23,
    24,
    25,
    26,
    27,
    28,
    27,
    28,
    29,
    30,
    31,
    32,
    33,
    34,
    35,
    36,
    37,
    38,
    39,
    40,
    41,
    42,
    43,
    44,
    45,
    46,
    47,
    48,
    47,
    48,
    49,
    50,
    51,
    52,
    53,
    54,
    55,
    56,
    57,
    58,
    59,
    60,
    61,
    62,
    63,
    64,
    65,
    66,
    67,
    68,
    69,
    70,
    71,
    72,
    73,
    74,
    75,
    76,
    77,
    78,
    79,
    80,
    81,
    ... 501 more items ],
  [ 19,
    18,
    17,
    16,
    15,
    14,
    13,
    12,
    11,
    12,
    13,
    12,
    11,
    10,
    11,
    10,
    11,
    12,
    13,
    14,
    15,
    16,
    17,
    18,
    17,
    18,
    19,
    20,
    19,
    18,
    19,
    20,
    21,
    22,
    21,
    22,
    23,
    24,
    25,
    24,
    25,
    26,
    27,
    28,
    29,
    30,
    31,
    30,
    31,
    32,
    33,
    34,
    35,
    36,
    37,
    38,
    39,
    40,
    41,
    42,
    43,
    44,
    45,
    46,
    47,
    48,
    49,
    50,
    51,
    50,
    51,
    52,
    53,
    54,
    55,
    56,
    57,
    58,
    59,
    60,
    61,
    62,
    63,
    64,
    65,
    66,
    67,
    68,
    69,
    70,
    71,
    72,
    73,
    74,
    75,
    76,
    77,
    78,
    79,
    80,
    ... 501 more items ],
  [ 20,
    19,
    18,
    17,
    16,
    15,
    14,
    13,
    12,
    13,
    14,
    13,
    12,
    11,
    12,
    11,
    12,
    13,
    14,
    15,
    16,
    17,
    18,
    19,
    18,
    19,
    20,
    21,
    20,
    19,
    20,
    21,
    22,
    23,
    22,
    21,
    22,
    23,
    24,
    25,
    24,
    25,
    26,
    27,
    28,
    29,
    30,
    31,
    32,
    33,
    34,
    33,
    34,
    35,
    36,
    37,
    38,
    39,
    40,
    41,
    42,
    43,
    44,
    45,
    46,
    47,
    48,
    49,
    50,
    51,
    52,
    53,
    54,
    55,
    56,
    57,
    58,
    59,
    58,
    59,
    60,
    61,
    62,
    63,
    64,
    65,
    66,
    67,
    68,
    69,
    70,
    71,
    72,
    73,
    74,
    75,
    76,
    77,
    78,
    79,
    ... 501 more items ],
  [ 21,
    20,
    19,
    18,
    17,
    16,
    15,
    14,
    13,
    14,
    13,
    14,
    13,
    12,
    13,
    12,
    11,
    12,
    13,
    14,
    15,
    16,
    17,
    18,
    19,
    18,
    19,
    20,
    21,
    20,
    21,
    22,
    23,
    24,
    23,
    22,
    23,
    22,
    23,
    24,
    25,
    26,
    27,
    28,
    29,
    30,
    31,
    32,
    31,
    32,
    33,
    34,
    35,
    36,
    35,
    36,
    37,
    38,
    39,
    40,
    41,
    42,
    43,
    44,
    45,
    46,
    47,
    48,
    49,
    50,
    51,
    52,
    53,
    54,
    55,
    56,
    57,
    58,
    59,
    60,
    61,
    62,
    63,
    64,
    65,
    66,
    67,
    68,
    69,
    70,
    71,
    72,
    73,
    72,
    73,
    74,
    75,
    76,
    77,
    78,
    ... 501 more items ],
  [ 22,
    21,
    20,
    19,
    18,
    17,
    16,
    15,
    14,
    15,
    14,
    15,
    14,
    13,
    14,
    13,
    12,
    13,
    14,
    15,
    16,
    17,
    18,
    19,
    20,
    19,
    20,
    21,
    20,
    21,
    22,
    23,
    24,
    25,
    24,
    23,
    24,
    23,
    24,
    23,
    24,
    25,
    26,
    27,
    28,
    29,
    30,
    31,
    32,
    33,
    34,
    33,
    34,
    35,
    36,
    37,
    38,
    39,
    38,
    39,
    40,
    41,
    42,
    43,
    44,
    45,
    46,
    47,
    48,
    49,
    50,
    51,
    52,
    53,
    54,
    55,
    56,
    57,
    58,
    59,
    60,
    61,
    62,
    63,
    64,
    65,
    66,
    67,
    68,
    69,
    70,
    71,
    72,
    73,
    74,
    75,
    76,
    77,
    78,
    79,
    ... 501 more items ],
  [ 23,
    22,
    21,
    20,
    19,
    18,
    17,
    16,
    15,
    16,
    15,
    14,
    15,
    14,
    15,
    14,
    13,
    14,
    13,
    14,
    15,
    16,
    17,
    18,
    19,
    20,
    21,
    22,
    21,
    22,
    23,
    24,
    25,
    26,
    25,
    24,
    25,
    24,
    23,
    24,
    25,
    26,
    27,
    28,
    29,
    30,
    31,
    32,
    31,
    32,
    33,
    34,
    35,
    36,
    35,
    36,
    37,
    38,
    39,
    38,
    39,
    40,
    41,
    42,
    43,
    44,
    45,
    46,
    47,
    48,
    49,
    50,
    51,
    52,
    53,
    54,
    55,
    56,
    57,
    58,
    59,
    60,
    61,
    62,
    63,
    64,
    65,
    66,
    67,
    68,
    69,
    70,
    71,
    72,
    73,
    74,
    75,
    76,
    77,
    78,
    ... 501 more items ],
  [ 24,
    23,
    22,
    21,
    20,
    19,
    18,
    17,
    16,
    15,
    16,
    15,
    16,
    15,
    16,
    15,
    14,
    13,
    14,
    13,
    14,
    15,
    16,
    17,
    18,
    19,
    20,
    21,
    22,
    23,
    24,
    25,
    24,
    25,
    26,
    25,
    26,
    25,
    24,
    25,
    26,
    27,
    28,
    29,
    28,
    29,
    30,
    31,
    32,
    31,
    32,
    33,
    34,
    35,
    36,
    37,
    38,
    37,
    38,
    39,
    40,
    41,
    42,
    43,
    44,
    45,
    44,
    45,
    46,
    47,
    48,
    49,
    50,
    51,
    52,
    53,
    54,
    55,
    56,
    57,
    58,
    59,
    60,
    61,
    62,
    63,
    64,
    65,
    66,
    67,
    68,
    69,
    70,
    71,
    72,
    73,
    74,
    75,
    76,
    77,
    ... 501 more items ],
  [ 25,
    24,
    23,
    22,
    21,
    20,
    19,
    18,
    17,
    16,
    17,
    16,
    15,
    16,
    15,
    16,
    15,
    14,
    15,
    14,
    15,
    14,
    15,
    16,
    17,
    18,
    19,
    20,
    21,
    22,
    23,
    24,
    25,
    26,
    27,
    26,
    25,
    26,
    25,
    26,
    27,
    26,
    27,
    28,
    29,
    28,
    29,
    30,
    31,
    32,
    33,
    34,
    35,
    36,
    37,
    38,
    39,
    38,
    39,
    40,
    41,
    42,
    41,
    42,
    43,
    44,
    45,
    46,
    47,
    48,
    49,
    50,
    49,
    50,
    51,
    52,
    53,
    54,
    55,
    56,
    57,
    58,
    59,
    60,
    61,
    62,
    63,
    64,
    65,
    66,
    67,
    68,
    69,
    70,
    71,
    72,
    73,
    74,
    75,
    76,
    ... 501 more items ],
  [ 26,
    25,
    24,
    23,
    22,
    21,
    20,
    19,
    18,
    17,
    18,
    17,
    16,
    15,
    16,
    17,
    16,
    15,
    16,
    15,
    16,
    15,
    16,
    17,
    18,
    19,
    20,
    21,
    22,
    21,
    22,
    23,
    24,
    25,
    26,
    27,
    26,
    27,
    26,
    27,
    28,
    27,
    28,
    27,
    28,
    29,
    28,
    29,
    30,
    31,
    32,
    33,
    34,
    35,
    36,
    37,
    38,
    39,
    40,
    41,
    42,
    43,
    42,
    43,
    44,
    43,
    44,
    45,
    46,
    47,
    48,
    49,
    50,
    51,
    52,
    53,
    52,
    53,
    54,
    55,
    56,
    57,
    58,
    59,
    60,
    61,
    62,
    63,
    64,
    65,
    66,
    67,
    68,
    69,
    70,
    71,
    72,
    73,
    74,
    75,
    ... 501 more items ],
  [ 27,
    26,
    25,
    24,
    23,
    22,
    21,
    20,
    19,
    18,
    19,
    18,
    17,
    16,
    15,
    16,
    17,
    16,
    17,
    16,
    17,
    16,
    17,
    18,
    19,
    20,
    21,
    22,
    23,
    22,
    21,
    22,
    23,
    24,
    25,
    26,
    27,
    28,
    27,
    28,
    29,
    28,
    29,
    28,
    29,
    28,
    29,
    30,
    31,
    32,
    33,
    34,
    35,
    36,
    37,
    38,
    39,
    40,
    41,
    42,
    43,
    44,
    43,
    44,
    45,
    44,
    45,
    46,
    47,
    48,
    49,
    50,
    49,
    50,
    51,
    52,
    53,
    54,
    55,
    56,
    55,
    56,
    57,
    58,
    59,
    60,
    61,
    62,
    63,
    64,
    65,
    66,
    67,
    68,
    69,
    70,
    71,
    72,
    73,
    74,
    ... 501 more items ],
  [ 28,
    27,
    26,
    25,
    24,
    23,
    22,
    21,
    20,
    19,
    18,
    19,
    18,
    17,
    16,
    17,
    16,
    17,
    16,
    17,
    18,
    17,
    16,
    17,
    18,
    19,
    20,
    21,
    22,
    23,
    22,
    23,
    24,
    25,
    26,
    27,
    28,
    27,
    28,
    29,
    30,
    29,
    30,
    29,
    30,
    29,
    30,
    31,
    30,
    31,
    32,
    33,
    34,
    35,
    36,
    37,
    38,
    39,
    40,
    41,
    42,
    43,
    44,
    45,
    46,
    45,
    46,
    45,
    46,
    47,
    48,
    49,
    50,
    49,
    50,
    51,
    52,
    53,
    54,
    55,
    56,
    57,
    58,
    59,
    60,
    61,
    62,
    63,
    64,
    65,
    66,
    67,
    68,
    67,
    68,
    69,
    70,
    71,
    72,
    73,
    ... 501 more items ],
  [ 29,
    28,
    27,
    26,
    25,
    24,
    23,
    22,
    21,
    20,
    19,
    18,
    19,
    18,
    17,
    18,
    17,
    18,
    17,
    18,
    19,
    18,
    17,
    16,
    17,
    18,
    19,
    20,
    21,
    22,
    23,
    24,
    25,
    26,
    27,
    28,
    29,
    28,
    27,
    28,
    29,
    30,
    31,
    30,
    31,
    30,
    31,
    32,
    31,
    32,
    33,
    34,
    35,
    36,
    35,
    36,
    37,
    38,
    39,
    40,
    41,
    42,
    43,
    44,
    45,
    46,
    47,
    46,
    47,
    48,
    47,
    48,
    49,
    50,
    49,
    50,
    51,
    52,
    53,
    54,
    55,
    56,
    57,
    58,
    59,
    60,
    61,
    62,
    63,
    64,
    65,
    66,
    67,
    68,
    69,
    70,
    71,
    70,
    71,
    72,
    ... 501 more items ],
  [ 30,
    29,
    28,
    27,
    26,
    25,
    24,
    23,
    22,
    21,
    20,
    19,
    20,
    19,
    18,
    19,
    18,
    19,
    18,
    19,
    20,
    19,
    18,
    17,
    16,
    17,
    18,
    19,
    20,
    21,
    22,
    23,
    24,
    25,
    26,
    27,
    28,
    29,
    28,
    29,
    30,
    31,
    32,
    31,
    32,
    31,
    32,
    33,
    32,
    33,
    34,
    35,
    36,
    37,
    36,
    35,
    36,
    37,
    38,
    39,
    40,
    41,
    42,
    43,
    44,
    45,
    46,
    47,
    48,
    49,
    48,
    49,
    50,
    49,
    50,
    49,
    50,
    51,
    52,
    53,
    54,
    55,
    56,
    57,
    58,
    59,
    60,
    61,
    62,
    63,
    64,
    65,
    66,
    67,
    68,
    69,
    70,
    71,
    72,
    73,
    ... 501 more items ],
  [ 31,
    30,
    29,
    28,
    27,
    26,
    25,
    24,
    23,
    22,
    21,
    20,
    21,
    20,
    19,
    20,
    19,
    18,
    19,
    18,
    19,
    20,
    19,
    18,
    17,
    18,
    17,
    18,
    19,
    20,
    21,
    22,
    23,
    24,
    25,
    26,
    27,
    28,
    29,
    30,
    31,
    32,
    33,
    32,
    31,
    32,
    33,
    34,
    33,
    32,
    33,
    34,
    35,
    36,
    37,
    36,
    37,
    36,
    37,
    38,
    39,
    40,
    41,
    42,
    43,
    44,
    45,
    46,
    47,
    48,
    49,
    48,
    49,
    50,
    51,
    50,
    51,
    50,
    51,
    52,
    53,
    54,
    55,
    56,
    57,
    58,
    59,
    60,
    61,
    62,
    63,
    64,
    65,
    66,
    67,
    68,
    69,
    70,
    71,
    72,
    ... 501 more items ],
  [ 32,
    31,
    30,
    29,
    28,
    27,
    26,
    25,
    24,
    23,
    22,
    21,
    20,
    21,
    20,
    21,
    20,
    19,
    20,
    19,
    20,
    19,
    20,
    19,
    18,
    19,
    18,
    19,
    20,
    19,
    20,
    21,
    22,
    23,
    24,
    25,
    26,
    27,
    28,
    29,
    30,
    31,
    32,
    33,
    32,
    31,
    32,
    33,
    34,
    33,
    34,
    35,
    36,
    37,
    38,
    37,
    38,
    37,
    38,
    39,
    40,
    41,
    40,
    41,
    42,
    43,
    44,
    45,
    46,
    47,
    48,
    49,
    48,
    49,
    50,
    51,
    50,
    51,
    52,
    53,
    52,
    53,
    54,
    55,
    56,
    57,
    58,
    59,
    60,
    61,
    62,
    63,
    64,
    65,
    66,
    67,
    68,
    69,
    70,
    71,
    ... 501 more items ],
  [ 33,
    32,
    31,
    30,
    29,
    28,
    27,
    26,
    25,
    24,
    23,
    22,
    21,
    20,
    21,
    22,
    21,
    20,
    21,
    20,
    21,
    20,
    21,
    20,
    19,
    20,
    19,
    20,
    21,
    20,
    19,
    20,
    21,
    22,
    23,
    24,
    25,
    26,
    27,
    28,
    29,
    30,
    31,
    32,
    33,
    32,
    31,
    32,
    33,
    34,
    35,
    36,
    37,
    38,
    39,
    38,
    39,
    38,
    39,
    40,
    41,
    42,
    41,
    42,
    43,
    42,
    43,
    44,
    45,
    46,
    47,
    48,
    49,
    50,
    51,
    52,
    51,
    52,
    53,
    54,
    53,
    54,
    53,
    54,
    55,
    56,
    57,
    58,
    59,
    60,
    61,
    62,
    63,
    64,
    65,
    66,
    67,
    68,
    69,
    70,
    ... 501 more items ],
  [ 34,
    33,
    32,
    31,
    30,
    29,
    28,
    27,
    26,
    25,
    24,
    23,
    22,
    21,
    20,
    21,
    22,
    21,
    22,
    21,
    22,
    21,
    22,
    21,
    20,
    21,
    20,
    21,
    22,
    21,
    20,
    19,
    20,
    21,
    22,
    23,
    24,
    25,
    26,
    27,
    28,
    29,
    30,
    31,
    32,
    33,
    32,
    33,
    34,
    35,
    36,
    37,
    38,
    39,
    40,
    39,
    40,
    39,
    40,
    41,
    42,
    43,
    42,
    43,
    44,
    43,
    44,
    45,
    46,
    47,
    48,
    49,
    48,
    49,
    50,
    51,
    52,
    53,
    54,
    55,
    54,
    55,
    54,
    53,
    54,
    55,
    56,
    57,
    58,
    59,
    60,
    61,
    62,
    63,
    64,
    65,
    66,
    67,
    68,
    69,
    ... 501 more items ],
  [ 35,
    34,
    33,
    32,
    31,
    30,
    29,
    28,
    27,
    26,
    25,
    24,
    23,
    22,
    21,
    22,
    23,
    22,
    23,
    22,
    21,
    22,
    23,
    22,
    21,
    22,
    21,
    20,
    21,
    22,
    21,
    20,
    19,
    20,
    21,
    22,
    23,
    24,
    25,
    26,
    27,
    28,
    29,
    30,
    31,
    32,
    33,
    34,
    35,
    34,
    35,
    36,
    37,
    38,
    39,
    40,
    41,
    40,
    41,
    42,
    43,
    44,
    43,
    44,
    45,
    44,
    43,
    44,
    45,
    46,
    47,
    48,
    49,
    50,
    51,
    52,
    53,
    52,
    53,
    54,
    55,
    54,
    55,
    54,
    55,
    54,
    55,
    56,
    57,
    58,
    59,
    60,
    61,
    62,
    63,
    64,
    65,
    66,
    67,
    68,
    ... 501 more items ],
  [ 36,
    35,
    34,
    33,
    32,
    31,
    30,
    29,
    28,
    27,
    26,
    25,
    24,
    23,
    22,
    23,
    22,
    23,
    22,
    23,
    22,
    23,
    22,
    23,
    22,
    21,
    22,
    21,
    22,
    23,
    22,
    21,
    20,
    21,
    22,
    23,
    24,
    23,
    24,
    25,
    26,
    27,
    28,
    29,
    30,
    31,
    32,
    33,
    34,
    35,
    36,
    37,
    38,
    39,
    38,
    39,
    40,
    41,
    42,
    41,
    42,
    43,
    44,
    45,
    46,
    45,
    44,
    43,
    44,
    45,
    46,
    47,
    48,
    49,
    50,
    51,
    52,
    53,
    54,
    55,
    56,
    55,
    56,
    55,
    56,
    55,
    56,
    57,
    58,
    59,
    60,
    61,
    62,
    61,
    62,
    63,
    64,
    65,
    66,
    67,
    ... 501 more items ],
  [ 37,
    36,
    35,
    34,
    33,
    32,
    31,
    30,
    29,
    28,
    27,
    26,
    25,
    24,
    23,
    24,
    23,
    22,
    23,
    22,
    23,
    24,
    23,
    24,
    23,
    22,
    21,
    22,
    23,
    24,
    23,
    22,
    21,
    20,
    21,
    22,
    23,
    24,
    25,
    26,
    27,
    28,
    29,
    30,
    29,
    30,
    31,
    32,
    33,
    34,
    35,
    36,
    37,
    38,
    39,
    40,
    41,
    40,
    41,
    42,
    43,
    44,
    45,
    46,
    47,
    46,
    45,
    44,
    43,
    44,
    45,
    46,
    47,
    48,
    49,
    50,
    51,
    52,
    53,
    54,
    55,
    56,
    57,
    56,
    57,
    56,
    57,
    56,
    57,
    58,
    59,
    60,
    61,
    62,
    63,
    64,
    63,
    64,
    65,
    66,
    ... 501 more items ],
  [ 38,
    37,
    36,
    35,
    34,
    33,
    32,
    31,
    30,
    29,
    28,
    27,
    26,
    25,
    24,
    23,
    24,
    23,
    24,
    23,
    24,
    25,
    24,
    25,
    24,
    23,
    22,
    23,
    22,
    23,
    24,
    23,
    22,
    21,
    20,
    21,
    22,
    23,
    24,
    25,
    26,
    27,
    28,
    29,
    30,
    31,
    32,
    31,
    32,
    33,
    34,
    35,
    36,
    37,
    38,
    39,
    40,
    41,
    40,
    41,
    42,
    43,
    44,
    45,
    46,
    47,
    46,
    45,
    44,
    43,
    44,
    45,
    46,
    47,
    48,
    49,
    50,
    51,
    52,
    53,
    54,
    55,
    56,
    57,
    58,
    57,
    58,
    57,
    58,
    59,
    60,
    61,
    62,
    63,
    64,
    65,
    64,
    65,
    66,
    67,
    ... 501 more items ],
  [ 39,
    38,
    37,
    36,
    35,
    34,
    33,
    32,
    31,
    30,
    29,
    28,
    27,
    26,
    25,
    24,
    23,
    24,
    23,
    24,
    25,
    26,
    25,
    24,
    25,
    24,
    23,
    24,
    23,
    24,
    25,
    24,
    23,
    22,
    21,
    22,
    23,
    22,
    23,
    24,
    25,
    26,
    27,
    28,
    29,
    30,
    31,
    32,
    31,
    32,
    33,
    34,
    35,
    36,
    37,
    38,
    39,
    40,
    41,
    40,
    41,
    42,
    43,
    44,
    45,
    46,
    47,
    46,
    45,
    44,
    43,
    44,
    45,
    46,
    47,
    48,
    49,
    50,
    51,
    52,
    53,
    54,
    55,
    56,
    57,
    58,
    59,
    58,
    59,
    60,
    61,
    62,
    63,
    62,
    63,
    64,
    65,
    64,
    65,
    66,
    ... 501 more items ],
  [ 40,
    39,
    38,
    37,
    36,
    35,
    34,
    33,
    32,
    31,
    30,
    29,
    28,
    27,
    26,
    25,
    24,
    25,
    24,
    25,
    26,
    25,
    26,
    25,
    26,
    25,
    24,
    25,
    24,
    23,
    24,
    25,
    24,
    23,
    22,
    23,
    22,
    23,
    24,
    25,
    26,
    25,
    26,
    27,
    28,
    29,
    30,
    31,
    32,
    33,
    34,
    35,
    36,
    37,
    38,
    39,
    40,
    41,
    42,
    41,
    42,
    43,
    42,
    43,
    44,
    45,
    46,
    47,
    46,
    45,
    44,
    45,
    44,
    45,
    46,
    47,
    48,
    49,
    50,
    51,
    52,
    53,
    54,
    55,
    56,
    57,
    58,
    59,
    58,
    59,
    60,
    61,
    62,
    63,
    62,
    63,
    64,
    65,
    66,
    65,
    ... 501 more items ],
  [ 41,
    40,
    39,
    38,
    37,
    36,
    35,
    34,
    33,
    32,
    31,
    30,
    29,
    28,
    27,
    26,
    25,
    24,
    25,
    24,
    25,
    26,
    27,
    26,
    27,
    26,
    25,
    24,
    25,
    24,
    25,
    26,
    25,
    24,
    23,
    24,
    23,
    24,
    25,
    26,
    27,
    26,
    27,
    28,
    27,
    28,
    29,
    30,
    31,
    32,
    33,
    34,
    35,
    36,
    37,
    38,
    39,
    40,
    41,
    42,
    43,
    44,
    43,
    44,
    45,
    46,
    45,
    46,
    47,
    46,
    45,
    44,
    45,
    46,
    47,
    48,
    49,
    48,
    49,
    50,
    51,
    52,
    53,
    54,
    55,
    56,
    57,
    58,
    59,
    60,
    59,
    60,
    61,
    62,
    63,
    64,
    63,
    64,
    65,
    66,
    ... 501 more items ],
  [ 42,
    41,
    40,
    39,
    38,
    37,
    36,
    35,
    34,
    33,
    32,
    31,
    30,
    29,
    28,
    27,
    26,
    25,
    26,
    25,
    24,
    25,
    26,
    27,
    28,
    27,
    26,
    25,
    26,
    25,
    26,
    27,
    26,
    25,
    24,
    25,
    24,
    25,
    26,
    27,
    28,
    27,
    28,
    29,
    28,
    29,
    30,
    31,
    32,
    31,
    32,
    33,
    34,
    35,
    36,
    37,
    38,
    39,
    40,
    41,
    42,
    43,
    44,
    45,
    46,
    47,
    46,
    47,
    46,
    47,
    46,
    45,
    46,
    47,
    48,
    49,
    50,
    49,
    50,
    49,
    50,
    51,
    52,
    53,
    54,
    55,
    56,
    57,
    58,
    59,
    60,
    61,
    60,
    61,
    62,
    63,
    64,
    65,
    64,
    65,
    ... 501 more items ],
  [ 43,
    42,
    41,
    40,
    39,
    38,
    37,
    36,
    35,
    34,
    33,
    32,
    31,
    30,
    29,
    28,
    27,
    26,
    27,
    26,
    25,
    26,
    27,
    28,
    29,
    28,
    27,
    26,
    27,
    26,
    27,
    28,
    27,
    26,
    25,
    26,
    25,
    26,
    27,
    28,
    29,
    28,
    29,
    30,
    29,
    30,
    31,
    32,
    33,
    32,
    31,
    32,
    33,
    34,
    35,
    36,
    37,
    38,
    39,
    40,
    41,
    42,
    43,
    44,
    45,
    46,
    47,
    48,
    47,
    48,
    47,
    46,
    47,
    48,
    49,
    50,
    51,
    50,
    51,
    50,
    51,
    50,
    51,
    52,
    53,
    54,
    55,
    56,
    57,
    58,
    59,
    60,
    61,
    62,
    63,
    64,
    63,
    64,
    65,
    66,
    ... 501 more items ],
  [ 44,
    43,
    42,
    41,
    40,
    39,
    38,
    37,
    36,
    35,
    34,
    33,
    32,
    31,
    30,
    29,
    28,
    27,
    26,
    27,
    26,
    27,
    26,
    27,
    28,
    29,
    28,
    27,
    28,
    27,
    28,
    29,
    28,
    27,
    26,
    27,
    26,
    25,
    26,
    27,
    28,
    29,
    30,
    31,
    30,
    31,
    32,
    33,
    32,
    33,
    32,
    33,
    34,
    35,
    34,
    35,
    36,
    37,
    38,
    39,
    40,
    41,
    42,
    43,
    44,
    45,
    46,
    47,
    48,
    49,
    48,
    47,
    48,
    47,
    48,
    49,
    50,
    51,
    52,
    51,
    52,
    51,
    52,
    53,
    54,
    55,
    56,
    57,
    58,
    59,
    60,
    61,
    62,
    61,
    62,
    63,
    64,
    63,
    64,
    65,
    ... 501 more items ],
  [ 45,
    44,
    43,
    42,
    41,
    40,
    39,
    38,
    37,
    36,
    35,
    34,
    33,
    32,
    31,
    30,
    29,
    28,
    27,
    28,
    27,
    28,
    27,
    28,
    29,
    30,
    29,
    28,
    27,
    28,
    29,
    30,
    29,
    28,
    27,
    26,
    27,
    26,
    27,
    26,
    27,
    28,
    29,
    30,
    31,
    32,
    33,
    32,
    33,
    34,
    33,
    32,
    33,
    34,
    35,
    36,
    37,
    38,
    37,
    38,
    39,
    40,
    41,
    42,
    43,
    44,
    45,
    46,
    47,
    48,
    49,
    48,
    49,
    48,
    49,
    50,
    51,
    52,
    51,
    52,
    53,
    52,
    53,
    54,
    55,
    56,
    57,
    58,
    59,
    60,
    61,
    62,
    63,
    62,
    63,
    64,
    65,
    64,
    65,
    66,
    ... 501 more items ],
  [ 46,
    45,
    44,
    43,
    42,
    41,
    40,
    39,
    38,
    37,
    36,
    35,
    34,
    33,
    32,
    31,
    30,
    29,
    28,
    27,
    28,
    29,
    28,
    29,
    30,
    31,
    30,
    29,
    28,
    29,
    30,
    31,
    30,
    29,
    28,
    27,
    28,
    27,
    28,
    27,
    28,
    29,
    30,
    31,
    30,
    31,
    32,
    33,
    34,
    33,
    34,
    33,
    34,
    35,
    36,
    37,
    38,
    37,
    38,
    39,
    40,
    41,
    42,
    43,
    44,
    45,
    44,
    45,
    46,
    47,
    48,
    49,
    50,
    49,
    50,
    51,
    52,
    51,
    52,
    51,
    52,
    53,
    54,
    55,
    56,
    55,
    56,
    57,
    58,
    59,
    60,
    61,
    62,
    63,
    64,
    65,
    64,
    65,
    64,
    65,
    ... 501 more items ],
  [ 47,
    46,
    45,
    44,
    43,
    42,
    41,
    40,
    39,
    38,
    37,
    36,
    35,
    34,
    33,
    32,
    31,
    30,
    29,
    28,
    29,
    28,
    29,
    30,
    31,
    32,
    31,
    30,
    29,
    28,
    29,
    30,
    31,
    30,
    29,
    28,
    27,
    28,
    29,
    28,
    29,
    28,
    29,
    30,
    31,
    30,
    31,
    32,
    33,
    34,
    35,
    34,
    35,
    36,
    37,
    38,
    39,
    38,
    39,
    40,
    41,
    42,
    41,
    42,
    43,
    44,
    45,
    46,
    47,
    48,
    49,
    50,
    49,
    50,
    51,
    52,
    51,
    52,
    53,
    52,
    51,
    52,
    53,
    54,
    55,
    56,
    55,
    56,
    57,
    58,
    59,
    60,
    61,
    62,
    63,
    64,
    65,
    66,
    65,
    64,
    ... 501 more items ],
  [ 48,
    47,
    46,
    45,
    44,
    43,
    42,
    41,
    40,
    39,
    38,
    37,
    36,
    35,
    34,
    33,
    32,
    31,
    30,
    29,
    30,
    29,
    30,
    31,
    32,
    33,
    32,
    31,
    30,
    29,
    30,
    31,
    32,
    31,
    30,
    29,
    28,
    29,
    30,
    29,
    28,
    29,
    28,
    29,
    30,
    31,
    32,
    31,
    32,
    33,
    34,
    35,
    34,
    35,
    36,
    37,
    38,
    39,
    38,
    39,
    40,
    41,
    42,
    41,
    42,
    43,
    44,
    45,
    46,
    47,
    48,
    49,
    50,
    51,
    52,
    53,
    52,
    53,
    52,
    53,
    52,
    53,
    54,
    55,
    56,
    57,
    56,
    57,
    58,
    59,
    60,
    61,
    62,
    63,
    64,
    65,
    66,
    67,
    66,
    65,
    ... 501 more items ],
  [ 49,
    48,
    47,
    46,
    45,
    44,
    43,
    42,
    41,
    40,
    39,
    38,
    37,
    36,
    35,
    34,
    33,
    32,
    31,
    30,
    31,
    30,
    29,
    30,
    31,
    32,
    33,
    32,
    31,
    30,
    31,
    32,
    33,
    32,
    31,
    30,
    29,
    28,
    29,
    30,
    29,
    30,
    29,
    30,
    31,
    32,
    33,
    32,
    31,
    32,
    33,
    34,
    35,
    36,
    35,
    36,
    37,
    38,
    39,
    38,
    39,
    40,
    41,
    42,
    43,
    44,
    45,
    44,
    45,
    46,
    47,
    48,
    49,
    50,
    51,
    52,
    53,
    54,
    53,
    54,
    53,
    54,
    55,
    56,
    57,
    58,
    57,
    58,
    59,
    60,
    61,
    62,
    63,
    62,
    63,
    64,
    65,
    66,
    67,
    66,
    ... 501 more items ],
  [ 50,
    49,
    48,
    47,
    46,
    45,
    44,
    43,
    42,
    41,
    40,
    39,
    38,
    37,
    36,
    35,
    34,
    33,
    32,
    31,
    32,
    31,
    30,
    31,
    32,
    33,
    34,
    33,
    32,
    31,
    30,
    31,
    32,
    33,
    32,
    31,
    30,
    29,
    30,
    31,
    30,
    29,
    30,
    29,
    30,
    31,
    32,
    33,
    32,
    33,
    34,
    35,
    36,
    37,
    36,
    37,
    38,
    39,
    40,
    39,
    40,
    41,
    40,
    41,
    42,
    43,
    44,
    45,
    46,
    47,
    48,
    49,
    48,
    49,
    50,
    51,
    52,
    53,
    54,
    55,
    54,
    55,
    54,
    55,
    56,
    57,
    58,
    59,
    58,
    59,
    60,
    61,
    62,
    63,
    62,
    63,
    64,
    65,
    66,
    67,
    ... 501 more items ],
  [ 51,
    50,
    49,
    48,
    47,
    46,
    45,
    44,
    43,
    42,
    41,
    40,
    39,
    38,
    37,
    36,
    35,
    34,
    33,
    32,
    31,
    32,
    31,
    32,
    33,
    34,
    33,
    34,
    33,
    32,
    31,
    32,
    31,
    32,
    33,
    32,
    31,
    30,
    31,
    32,
    31,
    30,
    31,
    30,
    29,
    30,
    31,
    32,
    33,
    32,
    33,
    34,
    35,
    36,
    37,
    38,
    39,
    38,
    39,
    40,
    41,
    42,
    41,
    42,
    43,
    44,
    43,
    44,
    45,
    46,
    47,
    48,
    49,
    50,
    51,
    52,
    53,
    52,
    53,
    54,
    55,
    54,
    55,
    56,
    57,
    56,
    57,
    58,
    59,
    60,
    59,
    60,
    61,
    62,
    63,
    64,
    63,
    64,
    65,
    66,
    ... 501 more items ],
  [ 52,
    51,
    50,
    49,
    48,
    47,
    46,
    45,
    44,
    43,
    42,
    41,
    40,
    39,
    38,
    37,
    36,
    35,
    34,
    33,
    32,
    31,
    32,
    33,
    34,
    35,
    34,
    35,
    34,
    33,
    32,
    31,
    32,
    33,
    34,
    33,
    32,
    31,
    32,
    33,
    32,
    31,
    32,
    31,
    30,
    29,
    30,
    31,
    32,
    33,
    34,
    35,
    36,
    37,
    38,
    39,
    40,
    39,
    40,
    41,
    42,
    43,
    42,
    43,
    44,
    43,
    44,
    45,
    46,
    47,
    48,
    49,
    48,
    49,
    50,
    51,
    52,
    53,
    54,
    55,
    54,
    55,
    54,
    55,
    56,
    57,
    56,
    57,
    58,
    59,
    60,
    59,
    60,
    61,
    62,
    63,
    64,
    65,
    66,
    65,
    ... 501 more items ],
  [ 53,
    52,
    51,
    50,
    49,
    48,
    47,
    46,
    45,
    44,
    43,
    42,
    41,
    40,
    39,
    38,
    37,
    36,
    35,
    34,
    33,
    32,
    31,
    32,
    33,
    34,
    35,
    36,
    35,
    34,
    33,
    32,
    33,
    34,
    35,
    34,
    33,
    32,
    31,
    32,
    33,
    32,
    33,
    32,
    31,
    30,
    31,
    32,
    31,
    32,
    33,
    34,
    35,
    36,
    37,
    38,
    39,
    40,
    41,
    40,
    41,
    42,
    43,
    44,
    45,
    44,
    45,
    44,
    45,
    46,
    47,
    48,
    49,
    48,
    49,
    50,
    51,
    52,
    53,
    54,
    55,
    56,
    55,
    56,
    57,
    58,
    57,
    58,
    59,
    60,
    61,
    60,
    61,
    60,
    61,
    62,
    63,
    64,
    65,
    66,
    ... 501 more items ],
  [ 54,
    53,
    52,
    51,
    50,
    49,
    48,
    47,
    46,
    45,
    44,
    43,
    42,
    41,
    40,
    39,
    38,
    37,
    36,
    35,
    34,
    33,
    32,
    33,
    34,
    35,
    36,
    37,
    36,
    35,
    34,
    33,
    34,
    35,
    34,
    35,
    34,
    33,
    32,
    31,
    32,
    33,
    32,
    33,
    32,
    31,
    32,
    31,
    32,
    33,
    34,
    33,
    34,
    35,
    36,
    37,
    38,
    39,
    40,
    41,
    42,
    43,
    44,
    43,
    44,
    45,
    46,
    45,
    46,
    45,
    46,
    47,
    48,
    49,
    50,
    51,
    52,
    53,
    52,
    53,
    54,
    55,
    56,
    57,
    58,
    59,
    58,
    59,
    60,
    61,
    62,
    61,
    62,
    61,
    62,
    63,
    64,
    65,
    66,
    67,
    ... 501 more items ],
  [ 55,
    54,
    53,
    52,
    51,
    50,
    49,
    48,
    47,
    46,
    45,
    44,
    43,
    42,
    41,
    40,
    39,
    38,
    37,
    36,
    35,
    34,
    33,
    34,
    35,
    36,
    37,
    38,
    37,
    36,
    35,
    34,
    35,
    36,
    35,
    34,
    35,
    34,
    33,
    32,
    31,
    32,
    33,
    34,
    33,
    32,
    33,
    32,
    33,
    34,
    35,
    34,
    33,
    34,
    35,
    36,
    37,
    38,
    39,
    40,
    41,
    42,
    43,
    44,
    43,
    44,
    45,
    46,
    47,
    46,
    47,
    48,
    49,
    50,
    51,
    52,
    53,
    54,
    53,
    54,
    55,
    56,
    57,
    58,
    59,
    60,
    59,
    60,
    61,
    62,
    63,
    62,
    63,
    62,
    63,
    64,
    65,
    66,
    67,
    68,
    ... 501 more items ],
  [ 56,
    55,
    54,
    53,
    52,
    51,
    50,
    49,
    48,
    47,
    46,
    45,
    44,
    43,
    42,
    41,
    40,
    39,
    38,
    37,
    36,
    35,
    34,
    35,
    36,
    37,
    36,
    37,
    38,
    37,
    36,
    35,
    34,
    35,
    36,
    35,
    36,
    35,
    34,
    33,
    32,
    33,
    34,
    35,
    34,
    33,
    34,
    33,
    34,
    33,
    34,
    35,
    34,
    35,
    36,
    37,
    38,
    37,
    38,
    39,
    40,
    41,
    42,
    43,
    44,
    45,
    44,
    45,
    46,
    47,
    48,
    47,
    48,
    49,
    50,
    51,
    52,
    53,
    54,
    53,
    54,
    55,
    56,
    57,
    58,
    59,
    60,
    59,
    60,
    61,
    62,
    63,
    62,
    63,
    64,
    65,
    64,
    65,
    66,
    67,
    ... 501 more items ],
  [ 57,
    56,
    55,
    54,
    53,
    52,
    51,
    50,
    49,
    48,
    47,
    46,
    45,
    44,
    43,
    42,
    41,
    40,
    39,
    38,
    37,
    36,
    35,
    36,
    37,
    38,
    37,
    38,
    39,
    38,
    37,
    36,
    35,
    36,
    37,
    36,
    35,
    36,
    35,
    34,
    33,
    32,
    33,
    34,
    35,
    34,
    33,
    34,
    35,
    34,
    35,
    36,
    35,
    36,
    37,
    38,
    39,
    38,
    39,
    40,
    41,
    42,
    41,
    42,
    43,
    44,
    45,
    46,
    47,
    48,
    49,
    48,
    47,
    48,
    49,
    50,
    51,
    52,
    53,
    54,
    53,
    54,
    55,
    56,
    57,
    58,
    59,
    60,
    59,
    60,
    61,
    62,
    63,
    64,
    63,
    64,
    65,
    66,
    67,
    66,
    ... 501 more items ],
  [ 58,
    57,
    56,
    55,
    54,
    53,
    52,
    51,
    50,
    49,
    48,
    47,
    46,
    45,
    44,
    43,
    42,
    41,
    40,
    39,
    38,
    37,
    36,
    37,
    38,
    39,
    38,
    39,
    40,
    39,
    38,
    37,
    36,
    37,
    38,
    37,
    36,
    37,
    36,
    35,
    34,
    33,
    34,
    33,
    34,
    35,
    34,
    35,
    36,
    35,
    36,
    37,
    36,
    37,
    38,
    39,
    40,
    39,
    40,
    41,
    42,
    43,
    42,
    43,
    44,
    43,
    44,
    45,
    46,
    47,
    48,
    49,
    48,
    49,
    50,
    51,
    50,
    51,
    52,
    53,
    54,
    55,
    54,
    55,
    56,
    57,
    58,
    59,
    60,
    59,
    60,
    61,
    62,
    63,
    64,
    63,
    64,
    65,
    66,
    67,
    ... 501 more items ],
  [ 59,
    58,
    57,
    56,
    55,
    54,
    53,
    52,
    51,
    50,
    49,
    48,
    47,
    46,
    45,
    44,
    43,
    42,
    41,
    40,
    39,
    38,
    37,
    38,
    39,
    40,
    39,
    40,
    39,
    40,
    39,
    38,
    37,
    38,
    37,
    38,
    37,
    38,
    37,
    36,
    35,
    34,
    33,
    34,
    35,
    36,
    35,
    34,
    35,
    36,
    37,
    36,
    37,
    36,
    37,
    38,
    39,
    40,
    39,
    40,
    41,
    42,
    43,
    42,
    43,
    44,
    45,
    46,
    47,
    46,
    47,
    48,
    49,
    50,
    51,
    52,
    51,
    52,
    51,
    52,
    53,
    54,
    55,
    56,
    57,
    58,
    59,
    60,
    61,
    60,
    61,
    62,
    63,
    64,
    65,
    64,
    65,
    66,
    67,
    68,
    ... 501 more items ],
  [ 60,
    59,
    58,
    57,
    56,
    55,
    54,
    53,
    52,
    51,
    50,
    49,
    48,
    47,
    46,
    45,
    44,
    43,
    42,
    41,
    40,
    39,
    38,
    39,
    40,
    41,
    40,
    39,
    40,
    41,
    40,
    39,
    38,
    37,
    38,
    39,
    38,
    39,
    38,
    37,
    36,
    35,
    34,
    35,
    34,
    35,
    36,
    35,
    36,
    35,
    36,
    37,
    38,
    37,
    38,
    39,
    40,
    39,
    40,
    41,
    42,
    43,
    44,
    43,
    44,
    45,
    44,
    45,
    46,
    47,
    48,
    47,
    48,
    49,
    50,
    51,
    52,
    51,
    52,
    51,
    52,
    53,
    54,
    55,
    56,
    57,
    58,
    59,
    60,
    61,
    60,
    61,
    62,
    63,
    64,
    65,
    64,
    65,
    66,
    67,
    ... 501 more items ],
  [ 61,
    60,
    59,
    58,
    57,
    56,
    55,
    54,
    53,
    52,
    51,
    50,
    49,
    48,
    47,
    46,
    45,
    44,
    43,
    42,
    41,
    40,
    39,
    40,
    41,
    42,
    41,
    40,
    41,
    42,
    41,
    40,
    39,
    38,
    39,
    40,
    39,
    40,
    39,
    38,
    37,
    36,
    35,
    36,
    35,
    36,
    37,
    36,
    37,
    36,
    35,
    36,
    37,
    38,
    39,
    40,
    41,
    40,
    41,
    42,
    43,
    44,
    45,
    44,
    45,
    46,
    45,
    46,
    45,
    46,
    47,
    48,
    49,
    50,
    51,
    52,
    53,
    52,
    53,
    52,
    53,
    52,
    53,
    54,
    55,
    56,
    57,
    58,
    59,
    60,
    61,
    62,
    61,
    62,
    63,
    64,
    65,
    66,
    65,
    66,
    ... 501 more items ],
  [ 62,
    61,
    60,
    59,
    58,
    57,
    56,
    55,
    54,
    53,
    52,
    51,
    50,
    49,
    48,
    47,
    46,
    45,
    44,
    43,
    42,
    41,
    40,
    41,
    42,
    43,
    42,
    41,
    42,
    43,
    42,
    41,
    40,
    39,
    40,
    41,
    40,
    41,
    40,
    39,
    38,
    37,
    36,
    37,
    36,
    37,
    38,
    37,
    38,
    37,
    36,
    37,
    38,
    39,
    40,
    41,
    42,
    41,
    42,
    43,
    44,
    45,
    46,
    45,
    46,
    47,
    46,
    47,
    46,
    47,
    48,
    47,
    48,
    49,
    50,
    51,
    52,
    53,
    54,
    53,
    54,
    53,
    54,
    55,
    56,
    55,
    56,
    57,
    58,
    59,
    60,
    61,
    62,
    63,
    64,
    65,
    64,
    65,
    66,
    67,
    ... 501 more items ],
  [ 63,
    62,
    61,
    60,
    59,
    58,
    57,
    56,
    55,
    54,
    53,
    52,
    51,
    50,
    49,
    48,
    47,
    46,
    45,
    44,
    43,
    42,
    41,
    42,
    43,
    44,
    43,
    42,
    41,
    42,
    43,
    42,
    41,
    40,
    39,
    40,
    41,
    42,
    41,
    40,
    39,
    38,
    37,
    38,
    37,
    38,
    39,
    38,
    39,
    38,
    37,
    36,
    37,
    38,
    39,
    40,
    41,
    42,
    41,
    42,
    43,
    44,
    45,
    46,
    45,
    46,
    47,
    48,
    47,
    46,
    47,
    48,
    49,
    50,
    51,
    52,
    53,
    54,
    53,
    54,
    55,
    54,
    55,
    56,
    57,
    56,
    57,
    58,
    59,
    60,
    61,
    62,
    63,
    64,
    65,
    66,
    65,
    66,
    67,
    68,
    ... 501 more items ],
  [ 64,
    63,
    62,
    61,
    60,
    59,
    58,
    57,
    56,
    55,
    54,
    53,
    52,
    51,
    50,
    49,
    48,
    47,
    46,
    45,
    44,
    43,
    42,
    41,
    42,
    43,
    44,
    43,
    42,
    43,
    44,
    43,
    42,
    41,
    40,
    41,
    42,
    41,
    42,
    41,
    40,
    39,
    38,
    39,
    38,
    39,
    40,
    39,
    38,
    39,
    38,
    37,
    38,
    39,
    38,
    39,
    40,
    41,
    42,
    41,
    42,
    43,
    44,
    45,
    46,
    47,
    48,
    47,
    48,
    47,
    46,
    47,
    48,
    49,
    50,
    51,
    52,
    53,
    54,
    55,
    56,
    55,
    56,
    57,
    58,
    57,
    58,
    59,
    60,
    61,
    62,
    63,
    64,
    63,
    64,
    65,
    66,
    65,
    66,
    67,
    ... 501 more items ],
  [ 65,
    64,
    63,
    62,
    61,
    60,
    59,
    58,
    57,
    56,
    55,
    54,
    53,
    52,
    51,
    50,
    49,
    48,
    47,
    46,
    45,
    44,
    43,
    42,
    43,
    44,
    45,
    44,
    43,
    44,
    45,
    44,
    43,
    42,
    41,
    40,
    41,
    42,
    43,
    42,
    41,
    40,
    39,
    40,
    39,
    40,
    41,
    40,
    39,
    40,
    39,
    38,
    37,
    38,
    39,
    40,
    41,
    42,
    41,
    42,
    43,
    44,
    45,
    44,
    45,
    46,
    47,
    48,
    49,
    48,
    47,
    48,
    49,
    50,
    51,
    52,
    53,
    54,
    53,
    54,
    55,
    56,
    57,
    58,
    59,
    58,
    59,
    60,
    61,
    62,
    63,
    64,
    65,
    64,
    65,
    66,
    67,
    66,
    67,
    68,
    ... 501 more items ],
  [ 66,
    65,
    64,
    63,
    62,
    61,
    60,
    59,
    58,
    57,
    56,
    55,
    54,
    53,
    52,
    51,
    50,
    49,
    48,
    47,
    46,
    45,
    44,
    43,
    44,
    45,
    44,
    45,
    44,
    45,
    46,
    45,
    44,
    43,
    42,
    41,
    42,
    43,
    44,
    43,
    42,
    41,
    40,
    41,
    40,
    41,
    42,
    41,
    40,
    39,
    40,
    39,
    38,
    39,
    40,
    41,
    42,
    41,
    42,
    43,
    44,
    45,
    46,
    45,
    46,
    47,
    46,
    47,
    48,
    49,
    48,
    47,
    48,
    49,
    50,
    51,
    52,
    53,
    54,
    53,
    54,
    55,
    56,
    57,
    58,
    59,
    60,
    59,
    60,
    61,
    62,
    63,
    64,
    65,
    66,
    67,
    66,
    67,
    66,
    67,
    ... 501 more items ],
  [ 67,
    66,
    65,
    64,
    63,
    62,
    61,
    60,
    59,
    58,
    57,
    56,
    55,
    54,
    53,
    52,
    51,
    50,
    49,
    48,
    47,
    46,
    45,
    44,
    45,
    46,
    45,
    46,
    45,
    44,
    45,
    46,
    45,
    44,
    43,
    42,
    41,
    42,
    43,
    44,
    43,
    42,
    41,
    40,
    41,
    40,
    41,
    42,
    41,
    40,
    41,
    40,
    39,
    40,
    41,
    42,
    43,
    42,
    43,
    44,
    45,
    46,
    45,
    46,
    47,
    46,
    47,
    48,
    49,
    50,
    49,
    48,
    47,
    48,
    49,
    50,
    51,
    52,
    53,
    54,
    53,
    54,
    55,
    56,
    57,
    58,
    59,
    60,
    59,
    60,
    61,
    62,
    63,
    64,
    65,
    66,
    67,
    68,
    67,
    66,
    ... 501 more items ],
  [ 68,
    67,
    66,
    65,
    64,
    63,
    62,
    61,
    60,
    59,
    58,
    57,
    56,
    55,
    54,
    53,
    52,
    51,
    50,
    49,
    48,
    47,
    46,
    45,
    46,
    47,
    46,
    45,
    46,
    45,
    46,
    47,
    46,
    45,
    44,
    43,
    42,
    43,
    44,
    45,
    44,
    43,
    42,
    41,
    40,
    41,
    42,
    43,
    42,
    41,
    40,
    41,
    40,
    41,
    42,
    43,
    44,
    43,
    44,
    45,
    46,
    47,
    46,
    47,
    48,
    47,
    46,
    47,
    48,
    49,
    50,
    49,
    48,
    49,
    50,
    51,
    52,
    51,
    52,
    53,
    54,
    53,
    54,
    55,
    56,
    57,
    58,
    59,
    60,
    61,
    60,
    61,
    62,
    63,
    64,
    65,
    66,
    67,
    68,
    67,
    ... 501 more items ],
  [ 69,
    68,
    67,
    66,
    65,
    64,
    63,
    62,
    61,
    60,
    59,
    58,
    57,
    56,
    55,
    54,
    53,
    52,
    51,
    50,
    49,
    48,
    47,
    46,
    47,
    48,
    47,
    46,
    47,
    46,
    47,
    48,
    47,
    46,
    45,
    44,
    43,
    44,
    45,
    46,
    45,
    44,
    43,
    42,
    41,
    42,
    43,
    44,
    43,
    42,
    41,
    42,
    41,
    42,
    43,
    44,
    45,
    44,
    45,
    46,
    47,
    48,
    47,
    48,
    49,
    48,
    47,
    48,
    47,
    48,
    49,
    50,
    49,
    50,
    51,
    52,
    53,
    52,
    53,
    52,
    53,
    54,
    55,
    56,
    57,
    56,
    57,
    58,
    59,
    60,
    61,
    62,
    61,
    62,
    63,
    64,
    65,
    66,
    67,
    68,
    ... 501 more items ],
  [ 70,
    69,
    68,
    67,
    66,
    65,
    64,
    63,
    62,
    61,
    60,
    59,
    58,
    57,
    56,
    55,
    54,
    53,
    52,
    51,
    50,
    49,
    48,
    47,
    48,
    49,
    48,
    47,
    48,
    47,
    48,
    49,
    48,
    47,
    46,
    45,
    44,
    45,
    46,
    47,
    46,
    45,
    44,
    43,
    42,
    43,
    44,
    45,
    44,
    43,
    42,
    43,
    42,
    43,
    44,
    45,
    46,
    45,
    46,
    47,
    48,
    49,
    48,
    49,
    50,
    49,
    48,
    49,
    48,
    49,
    50,
    49,
    50,
    51,
    52,
    53,
    54,
    53,
    54,
    53,
    54,
    53,
    54,
    55,
    56,
    57,
    58,
    57,
    58,
    59,
    60,
    61,
    62,
    63,
    64,
    65,
    64,
    65,
    66,
    67,
    ... 501 more items ],
  [ 71,
    70,
    69,
    68,
    67,
    66,
    65,
    64,
    63,
    62,
    61,
    60,
    59,
    58,
    57,
    56,
    55,
    54,
    53,
    52,
    51,
    50,
    49,
    48,
    49,
    50,
    49,
    48,
    47,
    48,
    49,
    50,
    49,
    48,
    47,
    46,
    45,
    46,
    47,
    46,
    47,
    46,
    45,
    44,
    43,
    44,
    45,
    44,
    45,
    44,
    43,
    42,
    43,
    42,
    43,
    44,
    45,
    46,
    45,
    46,
    47,
    48,
    49,
    48,
    49,
    50,
    49,
    50,
    49,
    48,
    49,
    50,
    51,
    52,
    53,
    54,
    55,
    54,
    53,
    54,
    55,
    54,
    55,
    56,
    57,
    58,
    59,
    58,
    59,
    60,
    61,
    62,
    63,
    64,
    65,
    66,
    65,
    66,
    67,
    68,
    ... 501 more items ],
  [ 72,
    71,
    70,
    69,
    68,
    67,
    66,
    65,
    64,
    63,
    62,
    61,
    60,
    59,
    58,
    57,
    56,
    55,
    54,
    53,
    52,
    51,
    50,
    49,
    48,
    49,
    50,
    49,
    48,
    49,
    50,
    51,
    50,
    49,
    48,
    47,
    46,
    45,
    46,
    47,
    48,
    47,
    46,
    45,
    44,
    45,
    46,
    45,
    44,
    45,
    44,
    43,
    44,
    43,
    42,
    43,
    44,
    45,
    46,
    45,
    46,
    47,
    48,
    49,
    50,
    51,
    50,
    49,
    50,
    49,
    48,
    49,
    50,
    51,
    52,
    53,
    54,
    55,
    54,
    55,
    56,
    55,
    56,
    57,
    58,
    59,
    60,
    59,
    60,
    61,
    62,
    63,
    64,
    63,
    64,
    65,
    66,
    65,
    66,
    67,
    ... 501 more items ],
  [ 73,
    72,
    71,
    70,
    69,
    68,
    67,
    66,
    65,
    64,
    63,
    62,
    61,
    60,
    59,
    58,
    57,
    56,
    55,
    54,
    53,
    52,
    51,
    50,
    49,
    50,
    51,
    50,
    49,
    48,
    49,
    50,
    51,
    50,
    49,
    48,
    47,
    46,
    47,
    48,
    49,
    48,
    47,
    46,
    45,
    44,
    45,
    46,
    45,
    46,
    45,
    44,
    45,
    44,
    43,
    44,
    45,
    46,
    47,
    46,
    47,
    48,
    47,
    48,
    49,
    50,
    51,
    50,
    51,
    50,
    49,
    50,
    49,
    50,
    51,
    52,
    53,
    54,
    55,
    56,
    55,
    56,
    55,
    56,
    57,
    58,
    59,
    60,
    59,
    60,
    61,
    62,
    63,
    64,
    63,
    64,
    65,
    66,
    67,
    66,
    ... 501 more items ],
  [ 74,
    73,
    72,
    71,
    70,
    69,
    68,
    67,
    66,
    65,
    64,
    63,
    62,
    61,
    60,
    59,
    58,
    57,
    56,
    55,
    54,
    53,
    52,
    51,
    50,
    51,
    50,
    51,
    50,
    49,
    50,
    51,
    50,
    51,
    50,
    49,
    48,
    47,
    48,
    49,
    50,
    49,
    48,
    47,
    46,
    45,
    46,
    47,
    46,
    45,
    46,
    45,
    46,
    45,
    44,
    45,
    46,
    45,
    46,
    47,
    48,
    49,
    48,
    49,
    50,
    51,
    50,
    51,
    50,
    51,
    50,
    49,
    50,
    51,
    52,
    53,
    54,
    53,
    54,
    55,
    56,
    55,
    56,
    57,
    58,
    57,
    58,
    59,
    60,
    61,
    60,
    61,
    62,
    63,
    64,
    65,
    64,
    65,
    66,
    67,
    ... 501 more items ],
  [ 75,
    74,
    73,
    72,
    71,
    70,
    69,
    68,
    67,
    66,
    65,
    64,
    63,
    62,
    61,
    60,
    59,
    58,
    57,
    56,
    55,
    54,
    53,
    52,
    51,
    52,
    51,
    52,
    51,
    50,
    49,
    50,
    51,
    52,
    51,
    50,
    49,
    48,
    49,
    50,
    51,
    50,
    49,
    48,
    47,
    46,
    45,
    46,
    47,
    46,
    47,
    46,
    47,
    46,
    45,
    46,
    47,
    46,
    47,
    48,
    49,
    50,
    49,
    50,
    51,
    50,
    51,
    52,
    51,
    52,
    51,
    50,
    49,
    50,
    51,
    52,
    53,
    54,
    55,
    56,
    55,
    56,
    55,
    56,
    57,
    58,
    57,
    58,
    59,
    60,
    61,
    60,
    61,
    62,
    63,
    64,
    65,
    66,
    67,
    66,
    ... 501 more items ],
  [ 76,
    75,
    74,
    73,
    72,
    71,
    70,
    69,
    68,
    67,
    66,
    65,
    64,
    63,
    62,
    61,
    60,
    59,
    58,
    57,
    56,
    55,
    54,
    53,
    52,
    51,
    52,
    53,
    52,
    51,
    50,
    51,
    52,
    53,
    52,
    51,
    50,
    49,
    48,
    49,
    50,
    51,
    50,
    49,
    48,
    47,
    46,
    47,
    46,
    47,
    48,
    47,
    48,
    47,
    46,
    45,
    46,
    47,
    48,
    47,
    48,
    49,
    50,
    51,
    52,
    51,
    52,
    51,
    52,
    53,
    52,
    51,
    50,
    49,
    50,
    51,
    52,
    53,
    54,
    55,
    56,
    57,
    56,
    57,
    58,
    59,
    58,
    59,
    60,
    61,
    62,
    61,
    62,
    61,
    62,
    63,
    64,
    65,
    66,
    67,
    ... 501 more items ],
  [ 77,
    76,
    75,
    74,
    73,
    72,
    71,
    70,
    69,
    68,
    67,
    66,
    65,
    64,
    63,
    62,
    61,
    60,
    59,
    58,
    57,
    56,
    55,
    54,
    53,
    52,
    53,
    54,
    53,
    52,
    51,
    50,
    51,
    52,
    53,
    52,
    51,
    50,
    49,
    50,
    51,
    50,
    51,
    50,
    49,
    48,
    47,
    48,
    47,
    48,
    49,
    48,
    49,
    48,
    47,
    46,
    47,
    48,
    49,
    48,
    49,
    50,
    49,
    50,
    51,
    52,
    53,
    52,
    53,
    54,
    53,
    52,
    51,
    50,
    51,
    52,
    51,
    52,
    53,
    54,
    55,
    56,
    57,
    56,
    57,
    58,
    59,
    60,
    59,
    60,
    61,
    62,
    63,
    62,
    61,
    62,
    63,
    64,
    65,
    66,
    ... 501 more items ],
  [ 78,
    77,
    76,
    75,
    74,
    73,
    72,
    71,
    70,
    69,
    68,
    67,
    66,
    65,
    64,
    63,
    62,
    61,
    60,
    59,
    58,
    57,
    56,
    55,
    54,
    53,
    54,
    55,
    54,
    53,
    52,
    51,
    52,
    53,
    52,
    53,
    52,
    51,
    50,
    49,
    50,
    51,
    50,
    51,
    50,
    49,
    48,
    47,
    48,
    49,
    50,
    49,
    48,
    49,
    48,
    47,
    48,
    49,
    48,
    49,
    50,
    51,
    50,
    49,
    50,
    51,
    52,
    53,
    54,
    53,
    54,
    53,
    52,
    51,
    52,
    53,
    52,
    53,
    52,
    53,
    54,
    55,
    56,
    57,
    58,
    59,
    60,
    61,
    60,
    61,
    62,
    63,
    64,
    63,
    62,
    63,
    64,
    65,
    66,
    67,
    ... 501 more items ],
  [ 79,
    78,
    77,
    76,
    75,
    74,
    73,
    72,
    71,
    70,
    69,
    68,
    67,
    66,
    65,
    64,
    63,
    62,
    61,
    60,
    59,
    58,
    57,
    56,
    55,
    54,
    55,
    56,
    55,
    54,
    53,
    52,
    53,
    54,
    53,
    54,
    53,
    52,
    51,
    50,
    51,
    52,
    51,
    52,
    51,
    50,
    49,
    48,
    47,
    48,
    49,
    50,
    49,
    50,
    49,
    48,
    47,
    48,
    49,
    48,
    49,
    50,
    51,
    50,
    51,
    52,
    53,
    52,
    53,
    54,
    53,
    54,
    53,
    52,
    51,
    52,
    53,
    54,
    53,
    54,
    55,
    56,
    57,
    58,
    59,
    60,
    61,
    62,
    61,
    62,
    63,
    64,
    65,
    64,
    63,
    64,
    65,
    64,
    65,
    66,
    ... 501 more items ],
  [ 80,
    79,
    78,
    77,
    76,
    75,
    74,
    73,
    72,
    71,
    70,
    69,
    68,
    67,
    66,
    65,
    64,
    63,
    62,
    61,
    60,
    59,
    58,
    57,
    56,
    55,
    56,
    57,
    56,
    55,
    54,
    53,
    54,
    55,
    54,
    55,
    54,
    53,
    52,
    51,
    52,
    51,
    52,
    51,
    52,
    51,
    50,
    49,
    48,
    49,
    50,
    51,
    50,
    51,
    50,
    49,
    48,
    49,
    50,
    49,
    50,
    51,
    50,
    51,
    52,
    51,
    52,
    53,
    54,
    55,
    54,
    55,
    54,
    53,
    52,
    53,
    52,
    53,
    54,
    55,
    54,
    55,
    56,
    57,
    58,
    59,
    60,
    61,
    62,
    61,
    62,
    63,
    64,
    65,
    64,
    63,
    64,
    65,
    66,
    65,
    ... 501 more items ],
  [ 81,
    80,
    79,
    78,
    77,
    76,
    75,
    74,
    73,
    72,
    71,
    70,
    69,
    68,
    67,
    66,
    65,
    64,
    63,
    62,
    61,
    60,
    59,
    58,
    57,
    56,
    57,
    58,
    57,
    56,
    55,
    54,
    55,
    56,
    55,
    56,
    55,
    54,
    53,
    52,
    53,
    52,
    53,
    52,
    53,
    52,
    51,
    50,
    49,
    50,
    51,
    52,
    51,
    52,
    51,
    50,
    49,
    50,
    51,
    50,
    49,
    50,
    51,
    52,
    53,
    52,
    53,
    52,
    53,
    54,
    55,
    56,
    55,
    54,
    53,
    52,
    53,
    54,
    55,
    56,
    55,
    56,
    57,
    58,
    59,
    60,
    61,
    62,
    63,
    62,
    63,
    64,
    65,
    64,
    65,
    64,
    65,
    64,
    65,
    66,
    ... 501 more items ],
  [ 82,
    81,
    80,
    79,
    78,
    77,
    76,
    75,
    74,
    73,
    72,
    71,
    70,
    69,
    68,
    67,
    66,
    65,
    64,
    63,
    62,
    61,
    60,
    59,
    58,
    57,
    58,
    59,
    58,
    57,
    56,
    55,
    56,
    57,
    56,
    55,
    56,
    55,
    54,
    53,
    52,
    53,
    52,
    53,
    54,
    53,
    52,
    51,
    50,
    51,
    52,
    51,
    52,
    51,
    52,
    51,
    50,
    51,
    50,
    51,
    50,
    51,
    52,
    51,
    52,
    53,
    54,
    53,
    54,
    53,
    54,
    55,
    56,
    55,
    54,
    53,
    54,
    55,
    54,
    55,
    56,
    57,
    58,
    59,
    60,
    61,
    62,
    63,
    64,
    63,
    64,
    65,
    66,
    65,
    66,
    65,
    66,
    65,
    66,
    67,
    ... 501 more items ],
  [ 83,
    82,
    81,
    80,
    79,
    78,
    77,
    76,
    75,
    74,
    73,
    72,
    71,
    70,
    69,
    68,
    67,
    66,
    65,
    64,
    63,
    62,
    61,
    60,
    59,
    58,
    59,
    60,
    59,
    58,
    57,
    56,
    57,
    58,
    57,
    56,
    57,
    56,
    55,
    54,
    53,
    54,
    53,
    54,
    55,
    54,
    53,
    52,
    51,
    52,
    53,
    52,
    51,
    52,
    53,
    52,
    51,
    52,
    51,
    52,
    51,
    52,
    53,
    52,
    51,
    52,
    53,
    54,
    55,
    54,
    55,
    56,
    57,
    56,
    55,
    54,
    55,
    56,
    55,
    56,
    57,
    58,
    59,
    60,
    61,
    62,
    63,
    64,
    65,
    64,
    65,
    66,
    67,
    66,
    67,
    66,
    67,
    66,
    67,
    68,
    ... 501 more items ],
  [ 84,
    83,
    82,
    81,
    80,
    79,
    78,
    77,
    76,
    75,
    74,
    73,
    72,
    71,
    70,
    69,
    68,
    67,
    66,
    65,
    64,
    63,
    62,
    61,
    60,
    59,
    60,
    61,
    60,
    59,
    58,
    57,
    58,
    59,
    58,
    57,
    56,
    57,
    56,
    55,
    54,
    53,
    54,
    53,
    54,
    55,
    54,
    53,
    52,
    53,
    54,
    53,
    52,
    53,
    54,
    53,
    52,
    53,
    52,
    53,
    52,
    53,
    52,
    53,
    52,
    51,
    52,
    53,
    54,
    55,
    56,
    57,
    56,
    57,
    56,
    55,
    54,
    55,
    56,
    57,
    56,
    57,
    58,
    59,
    60,
    61,
    62,
    63,
    64,
    65,
    66,
    65,
    66,
    67,
    66,
    67,
    68,
    67,
    68,
    67,
    ... 501 more items ],
  [ 85,
    84,
    83,
    82,
    81,
    80,
    79,
    78,
    77,
    76,
    75,
    74,
    73,
    72,
    71,
    70,
    69,
    68,
    67,
    66,
    65,
    64,
    63,
    62,
    61,
    60,
    61,
    62,
    61,
    60,
    59,
    58,
    59,
    60,
    59,
    58,
    57,
    58,
    57,
    56,
    55,
    54,
    53,
    54,
    55,
    56,
    55,
    54,
    53,
    54,
    55,
    54,
    53,
    52,
    53,
    54,
    53,
    54,
    53,
    54,
    53,
    54,
    53,
    52,
    53,
    52,
    53,
    54,
    55,
    54,
    55,
    56,
    57,
    58,
    57,
    56,
    55,
    56,
    55,
    56,
    57,
    58,
    59,
    60,
    61,
    62,
    63,
    64,
    65,
    66,
    67,
    66,
    67,
    68,
    67,
    68,
    69,
    68,
    69,
    68,
    ... 501 more items ],
  [ 86,
    85,
    84,
    83,
    82,
    81,
    80,
    79,
    78,
    77,
    76,
    75,
    74,
    73,
    72,
    71,
    70,
    69,
    68,
    67,
    66,
    65,
    64,
    63,
    62,
    61,
    62,
    63,
    62,
    61,
    60,
    59,
    60,
    61,
    60,
    59,
    58,
    59,
    58,
    57,
    56,
    55,
    54,
    55,
    56,
    57,
    56,
    55,
    54,
    55,
    56,
    55,
    54,
    53,
    54,
    55,
    54,
    55,
    54,
    55,
    54,
    55,
    54,
    53,
    52,
    53,
    54,
    55,
    56,
    55,
    56,
    57,
    58,
    59,
    58,
    57,
    56,
    57,
    56,
    57,
    58,
    59,
    60,
    61,
    62,
    63,
    64,
    65,
    66,
    67,
    68,
    67,
    68,
    69,
    68,
    69,
    70,
    69,
    70,
    69,
    ... 501 more items ],
  [ 87,
    86,
    85,
    84,
    83,
    82,
    81,
    80,
    79,
    78,
    77,
    76,
    75,
    74,
    73,
    72,
    71,
    70,
    69,
    68,
    67,
    66,
    65,
    64,
    63,
    62,
    63,
    64,
    63,
    62,
    61,
    60,
    61,
    62,
    61,
    60,
    59,
    58,
    59,
    58,
    57,
    56,
    55,
    56,
    57,
    58,
    57,
    56,
    55,
    56,
    57,
    56,
    55,
    54,
    53,
    54,
    55,
    56,
    55,
    54,
    55,
    54,
    55,
    54,
    53,
    54,
    55,
    54,
    55,
    56,
    55,
    56,
    57,
    58,
    59,
    58,
    57,
    58,
    57,
    58,
    59,
    60,
    61,
    62,
    63,
    64,
    65,
    66,
    67,
    68,
    69,
    68,
    69,
    68,
    69,
    70,
    71,
    70,
    71,
    70,
    ... 501 more items ],
  [ 88,
    87,
    86,
    85,
    84,
    83,
    82,
    81,
    80,
    79,
    78,
    77,
    76,
    75,
    74,
    73,
    72,
    71,
    70,
    69,
    68,
    67,
    66,
    65,
    64,
    63,
    64,
    65,
    64,
    63,
    62,
    61,
    62,
    63,
    62,
    61,
    60,
    59,
    58,
    59,
    58,
    57,
    56,
    57,
    58,
    59,
    58,
    57,
    56,
    57,
    58,
    57,
    56,
    55,
    54,
    53,
    54,
    55,
    56,
    55,
    54,
    55,
    56,
    55,
    54,
    55,
    56,
    55,
    56,
    57,
    56,
    57,
    58,
    57,
    58,
    59,
    58,
    59,
    58,
    59,
    60,
    61,
    62,
    63,
    64,
    65,
    66,
    67,
    68,
    69,
    70,
    69,
    70,
    69,
    70,
    71,
    72,
    71,
    72,
    71,
    ... 501 more items ],
  [ 89,
    88,
    87,
    86,
    85,
    84,
    83,
    82,
    81,
    80,
    79,
    78,
    77,
    76,
    75,
    74,
    73,
    72,
    71,
    70,
    69,
    68,
    67,
    66,
    65,
    64,
    65,
    66,
    65,
    64,
    63,
    62,
    63,
    64,
    63,
    62,
    61,
    60,
    59,
    60,
    59,
    58,
    57,
    56,
    57,
    58,
    59,
    58,
    57,
    58,
    59,
    58,
    57,
    56,
    55,
    54,
    55,
    56,
    57,
    56,
    55,
    56,
    55,
    56,
    55,
    54,
    55,
    56,
    57,
    58,
    57,
    58,
    57,
    58,
    59,
    60,
    59,
    60,
    59,
    60,
    59,
    60,
    61,
    62,
    63,
    64,
    65,
    66,
    67,
    68,
    69,
    70,
    71,
    70,
    69,
    70,
    71,
    72,
    73,
    72,
    ... 501 more items ],
  [ 90,
    89,
    88,
    87,
    86,
    85,
    84,
    83,
    82,
    81,
    80,
    79,
    78,
    77,
    76,
    75,
    74,
    73,
    72,
    71,
    70,
    69,
    68,
    67,
    66,
    65,
    66,
    67,
    66,
    65,
    64,
    63,
    64,
    65,
    64,
    63,
    62,
    61,
    60,
    61,
    60,
    59,
    58,
    57,
    58,
    59,
    60,
    59,
    58,
    59,
    60,
    59,
    58,
    57,
    56,
    55,
    54,
    55,
    56,
    57,
    56,
    55,
    56,
    57,
    56,
    55,
    56,
    55,
    56,
    57,
    58,
    59,
    58,
    57,
    58,
    59,
    60,
    61,
    60,
    61,
    60,
    61,
    62,
    63,
    64,
    65,
    66,
    67,
    68,
    69,
    70,
    71,
    72,
    71,
    70,
    71,
    72,
    71,
    72,
    73,
    ... 501 more items ],
  [ 91,
    90,
    89,
    88,
    87,
    86,
    85,
    84,
    83,
    82,
    81,
    80,
    79,
    78,
    77,
    76,
    75,
    74,
    73,
    72,
    71,
    70,
    69,
    68,
    67,
    66,
    67,
    68,
    67,
    66,
    65,
    64,
    65,
    66,
    65,
    64,
    63,
    62,
    61,
    60,
    61,
    60,
    59,
    58,
    59,
    60,
    61,
    60,
    59,
    60,
    61,
    60,
    59,
    58,
    57,
    56,
    55,
    56,
    55,
    56,
    57,
    56,
    57,
    56,
    57,
    56,
    57,
    56,
    57,
    56,
    57,
    58,
    59,
    58,
    59,
    60,
    61,
    62,
    61,
    62,
    61,
    62,
    63,
    64,
    65,
    66,
    67,
    68,
    69,
    70,
    71,
    72,
    73,
    72,
    71,
    72,
    73,
    72,
    73,
    74,
    ... 501 more items ],
  [ 92,
    91,
    90,
    89,
    88,
    87,
    86,
    85,
    84,
    83,
    82,
    81,
    80,
    79,
    78,
    77,
    76,
    75,
    74,
    73,
    72,
    71,
    70,
    69,
    68,
    67,
    68,
    69,
    68,
    67,
    66,
    65,
    66,
    67,
    66,
    65,
    64,
    63,
    62,
    61,
    60,
    61,
    60,
    59,
    60,
    61,
    62,
    61,
    60,
    61,
    62,
    61,
    60,
    59,
    58,
    57,
    56,
    57,
    56,
    57,
    58,
    57,
    58,
    57,
    56,
    57,
    58,
    57,
    58,
    57,
    58,
    59,
    60,
    59,
    60,
    61,
    62,
    63,
    62,
    63,
    62,
    63,
    64,
    65,
    66,
    67,
    68,
    69,
    70,
    71,
    72,
    73,
    74,
    73,
    72,
    73,
    74,
    73,
    74,
    75,
    ... 501 more items ],
  [ 93,
    92,
    91,
    90,
    89,
    88,
    87,
    86,
    85,
    84,
    83,
    82,
    81,
    80,
    79,
    78,
    77,
    76,
    75,
    74,
    73,
    72,
    71,
    70,
    69,
    68,
    69,
    70,
    69,
    68,
    67,
    66,
    67,
    68,
    67,
    66,
    65,
    64,
    63,
    62,
    61,
    62,
    61,
    60,
    61,
    62,
    63,
    62,
    61,
    62,
    63,
    62,
    61,
    60,
    59,
    58,
    57,
    58,
    57,
    58,
    59,
    58,
    59,
    58,
    57,
    58,
    59,
    58,
    59,
    58,
    59,
    60,
    61,
    60,
    61,
    62,
    63,
    64,
    63,
    64,
    63,
    64,
    65,
    66,
    67,
    68,
    69,
    70,
    71,
    72,
    73,
    74,
    75,
    74,
    73,
    74,
    75,
    74,
    75,
    76,
    ... 501 more items ],
  [ 94,
    93,
    92,
    91,
    90,
    89,
    88,
    87,
    86,
    85,
    84,
    83,
    82,
    81,
    80,
    79,
    78,
    77,
    76,
    75,
    74,
    73,
    72,
    71,
    70,
    69,
    70,
    71,
    70,
    69,
    68,
    67,
    68,
    69,
    68,
    67,
    66,
    65,
    64,
    63,
    62,
    63,
    62,
    61,
    62,
    63,
    64,
    63,
    62,
    63,
    64,
    63,
    62,
    61,
    60,
    59,
    58,
    59,
    58,
    59,
    60,
    59,
    60,
    59,
    58,
    59,
    60,
    59,
    60,
    59,
    60,
    61,
    62,
    61,
    62,
    63,
    64,
    65,
    64,
    65,
    64,
    65,
    66,
    67,
    68,
    69,
    70,
    71,
    72,
    73,
    74,
    75,
    76,
    75,
    74,
    75,
    76,
    75,
    76,
    77,
    ... 501 more items ],
  [ 95,
    94,
    93,
    92,
    91,
    90,
    89,
    88,
    87,
    86,
    85,
    84,
    83,
    82,
    81,
    80,
    79,
    78,
    77,
    76,
    75,
    74,
    73,
    72,
    71,
    70,
    71,
    72,
    71,
    70,
    69,
    68,
    69,
    70,
    69,
    68,
    67,
    66,
    65,
    64,
    63,
    64,
    63,
    62,
    63,
    64,
    65,
    64,
    63,
    64,
    65,
    64,
    63,
    62,
    61,
    60,
    59,
    60,
    59,
    58,
    59,
    60,
    61,
    60,
    59,
    60,
    61,
    60,
    61,
    60,
    59,
    60,
    61,
    62,
    61,
    62,
    63,
    64,
    65,
    66,
    65,
    66,
    67,
    68,
    69,
    70,
    71,
    72,
    73,
    74,
    75,
    76,
    77,
    76,
    75,
    76,
    77,
    76,
    77,
    78,
    ... 501 more items ],
  [ 96,
    95,
    94,
    93,
    92,
    91,
    90,
    89,
    88,
    87,
    86,
    85,
    84,
    83,
    82,
    81,
    80,
    79,
    78,
    77,
    76,
    75,
    74,
    73,
    72,
    71,
    72,
    73,
    72,
    71,
    70,
    69,
    70,
    71,
    70,
    69,
    68,
    67,
    66,
    65,
    64,
    65,
    64,
    63,
    64,
    65,
    66,
    65,
    64,
    65,
    66,
    65,
    64,
    63,
    62,
    61,
    60,
    61,
    60,
    59,
    60,
    61,
    62,
    61,
    60,
    61,
    62,
    61,
    62,
    61,
    60,
    61,
    62,
    63,
    62,
    63,
    64,
    65,
    64,
    65,
    66,
    67,
    68,
    69,
    70,
    71,
    72,
    73,
    74,
    75,
    76,
    77,
    78,
    77,
    76,
    77,
    78,
    77,
    78,
    79,
    ... 501 more items ],
  [ 97,
    96,
    95,
    94,
    93,
    92,
    91,
    90,
    89,
    88,
    87,
    86,
    85,
    84,
    83,
    82,
    81,
    80,
    79,
    78,
    77,
    76,
    75,
    74,
    73,
    72,
    73,
    74,
    73,
    72,
    71,
    70,
    71,
    72,
    71,
    70,
    69,
    68,
    67,
    66,
    65,
    64,
    65,
    64,
    65,
    64,
    65,
    66,
    65,
    66,
    67,
    66,
    65,
    64,
    63,
    62,
    61,
    62,
    61,
    60,
    61,
    62,
    61,
    62,
    61,
    60,
    61,
    62,
    63,
    62,
    61,
    62,
    61,
    62,
    63,
    64,
    63,
    64,
    65,
    66,
    65,
    66,
    67,
    68,
    69,
    70,
    71,
    72,
    73,
    74,
    75,
    76,
    77,
    78,
    77,
    76,
    77,
    78,
    79,
    78,
    ... 501 more items ],
  [ 98,
    97,
    96,
    95,
    94,
    93,
    92,
    91,
    90,
    89,
    88,
    87,
    86,
    85,
    84,
    83,
    82,
    81,
    80,
    79,
    78,
    77,
    76,
    75,
    74,
    73,
    74,
    75,
    74,
    73,
    72,
    71,
    72,
    73,
    72,
    71,
    70,
    69,
    68,
    67,
    66,
    65,
    66,
    65,
    66,
    65,
    64,
    65,
    66,
    67,
    68,
    67,
    66,
    65,
    64,
    63,
    62,
    63,
    62,
    61,
    62,
    63,
    62,
    63,
    62,
    61,
    62,
    63,
    64,
    63,
    62,
    63,
    62,
    63,
    64,
    65,
    64,
    65,
    66,
    67,
    66,
    67,
    66,
    67,
    68,
    69,
    70,
    71,
    72,
    73,
    74,
    75,
    76,
    77,
    78,
    77,
    78,
    79,
    80,
    79,
    ... 501 more items ],
  [ 99,
    98,
    97,
    96,
    95,
    94,
    93,
    92,
    91,
    90,
    89,
    88,
    87,
    86,
    85,
    84,
    83,
    82,
    81,
    80,
    79,
    78,
    77,
    76,
    75,
    74,
    75,
    76,
    75,
    74,
    73,
    72,
    73,
    74,
    73,
    72,
    71,
    70,
    69,
    68,
    67,
    66,
    67,
    66,
    67,
    66,
    65,
    66,
    67,
    68,
    69,
    68,
    67,
    66,
    65,
    64,
    63,
    64,
    63,
    62,
    63,
    64,
    63,
    64,
    63,
    62,
    63,
    64,
    65,
    64,
    63,
    64,
    63,
    64,
    65,
    66,
    65,
    66,
    67,
    68,
    67,
    68,
    67,
    66,
    67,
    68,
    69,
    70,
    71,
    72,
    73,
    74,
    75,
    76,
    77,
    78,
    79,
    80,
    81,
    80,
    ... 501 more items ],
  ... 501 more items ]
Minimum string edit Distance
418
Minimum string edit operations
315
Decision Sequence
[ 'I',
  'I',
  'I',
  'C',
  'C',
  'C',
  'I',
  'C',
  'C',
  'C',
  'C',
  'D',
  'D',
  'I',
  'C',
  'I',
  'I',
  'C',
  'C',
  'I',
  'C',
  'D',
  'C',
  'C',
  'C',
  'D',
  'C',
  'C',
  'D',
  'D',
  'D',
  'C',
  'C',
  'I',
  'I',
  'C',
  'C',
  'C',
  'D',
  'C',
  'C',
  'C',
  'C',
  'D',
  'C',
  'C',
  'C',
  'C',
  'C',
  'C',
  'D',
  'D',
  'C',
  'D',
  'D',
  'D',
  'D',
  'C',
  'D',
  'D',
  'C',
  'C',
  'D',
  'D',
  'D',
  'D',
  'D',
  'D',
  'D',
  'D',
  'D',
  'C',
  'C',
  'D',
  'C',
  'D',
  'C',
  'C',
  'D',
  'D',
  'C',
  'C',
  'C',
  'D',
  'C',
  'C',
  'C',
  'I',
  'D',
  'C',
  'C',
  'D',
  'C',
  'C',
  'C',
  'C',
  'C',
  'I',
  'C',
  'C',
  ... 214 more items ]
